name: sqanti_filter
channels:
  - anaconda
  - bioconda
  - conda-forge
dependencies:
  - _libgcc_mutex=0.1=conda_forge
  - _openmp_mutex=4.5=2_gnu
  - aws-c-auth=0.7.22=h96bc93b_2
  - aws-c-cal=0.6.14=h88a6e22_1
  - aws-c-common=0.9.19=h4ab18f5_0
  - aws-c-compression=0.2.18=h83b837d_6
  - aws-c-event-stream=0.4.2=ha47c788_12
  - aws-c-http=0.8.1=h29d6fba_17
  - aws-c-io=0.14.8=h21d4f22_5
  - aws-c-mqtt=0.10.4=h759edc4_4
  - aws-c-s3=0.5.9=h594631b_3
  - aws-c-sdkutils=0.1.16=h83b837d_2
  - aws-checksums=0.1.18=h83b837d_6
  - aws-crt-cpp=0.26.9=he3a8b3b_0
  - aws-sdk-cpp=1.11.329=hba8bd5f_3
  - biopython=1.78=py312h5eee18b_0
  - bzip2=1.0.8=hd590300_5
  - c-ares=1.33.1=heb4867d_0
  - ca-certificates=2024.7.4=hbcca054_0
  - gflags=2.2.2=he1b5a44_1004
  - glog=0.7.1=hbabe93e_0
  - gtfparse=2.5.0=pyh7cba7a3_0
  - keyutils=1.6.1=h166bdaf_0
  - krb5=1.21.3=h659f571_0
  - ld_impl_linux-64=2.40=h55db66e_0
  - libabseil=20240116.2=cxx17_he02047a_1
  - libarrow=16.1.0=hcb6531f_6_cpu
  - libarrow-acero=16.1.0=hac33072_6_cpu
  - libarrow-dataset=16.1.0=hac33072_6_cpu
  - libarrow-substrait=16.1.0=h7e0c224_6_cpu
  - libblas=3.9.0=22_linux64_openblas
  - libbrotlicommon=1.1.0=hd590300_1
  - libbrotlidec=1.1.0=hd590300_1
  - libbrotlienc=1.1.0=hd590300_1
  - libcblas=3.9.0=22_linux64_openblas
  - libcrc32c=1.1.2=h9c3ff4c_0
  - libcurl=8.8.0=hca28451_1
  - libedit=3.1.20191231=he28a2e2_2
  - libev=4.33=hd590300_2
  - libevent=2.1.12=hf998b51_1
  - libexpat=2.6.2=h59595ed_0
  - libffi=3.4.2=h7f98852_5
  - libgcc-ng=13.2.0=h77fa898_7
  - libgfortran-ng=13.2.0=h69a702a_7
  - libgfortran5=13.2.0=hca663fb_7
  - libgomp=13.2.0=h77fa898_7
  - libgoogle-cloud=2.24.0=h2736e30_0
  - libgoogle-cloud-storage=2.24.0=h3d9a0c8_0
  - libgrpc=1.62.2=h15f2491_0
  - liblapack=3.9.0=22_linux64_openblas
  - libnghttp2=1.58.0=h47da74e_1
  - libnsl=2.0.1=hd590300_0
  - libopenblas=0.3.27=pthreads_h413a1c8_0
  - libparquet=16.1.0=h6a7eafb_6_cpu
  - libprotobuf=4.25.3=h08a7969_0
  - libre2-11=2023.09.01=h5a48ba9_2
  - libsqlite=3.45.3=h2797004_0
  - libssh2=1.11.0=h0841786_0
  - libstdcxx-ng=13.2.0=hc0a3c3a_7
  - libthrift=0.19.0=hb90f79a_1
  - libutf8proc=2.8.0=h166bdaf_0
  - libuuid=2.38.1=h0b41bf4_0
  - libxcrypt=4.4.36=hd590300_1
  - libzlib=1.2.13=hd590300_5
  - lz4-c=1.9.4=hcb278e6_0
  - ncurses=6.4.20240210=h59595ed_0
  - numpy=1.26.4=py312heda63a1_0
  - openssl=3.3.1=hb9d3cd8_3
  - orc=2.0.1=h17fec99_1
  - packaging=24.1=pyhd8ed1ab_0
  - pandas=2.2.2=py312hfb8ada1_0
  - pip=24.0=pyhd8ed1ab_0
  - polars=0.20.31=py312hd26010a_1
  - pyarrow=16.1.0=py312h8da182e_1
  - pyarrow-core=16.1.0=py312h5429d62_1_cpu
  - python=3.12.3=hab00c5b_0_cpython
  - python-dateutil=2.9.0=pyhd8ed1ab_0
  - python-tzdata=2024.1=pyhd8ed1ab_0
  - python_abi=3.12=4_cp312
  - pytz=2024.1=pyhd8ed1ab_0
  - re2=2023.09.01=h7f4b329_2
  - readline=8.2=h8228510_1
  - s2n=1.4.15=he19d79f_0
  - setuptools=69.5.1=pyhd8ed1ab_0
  - six=1.16.0=pyh6c4a22f_0
  - snappy=1.2.1=ha2e4443_0
  - tk=8.6.13=noxft_h4845f30_101
  - tzdata=2024a=h0c530f3_0
  - wheel=0.43.0=pyhd8ed1ab_1
  - xz=5.2.6=h166bdaf_0
  - zstd=1.5.6=ha6fb4c9_0
  - pip:
      - bx-python==0.12.0
prefix: /home/yqy3cu/.conda/envs/sqanti_filter
